-29.306625
28.901138
-28.61348
28.390366
-28.613434
28.208054
-28.208008
-28.207977
-28.207947
-28.207962
-28.207947
-28.207932
-28.207947
-28.207932
28.207932
28.207932
28.207932
28.207932
28.207932
-28.207932
28.207932
-28.207947
28.207916
-28.207901
28.207886
-28.20784
28.207764
28.05362
-27.802383
-27.60176
-27.514755
-27.291687
19.999313
-19.306488
19.306488
19.999222
18.901169
9.999908
9.999863
-18.901215
29.306412
28.900848
-28.390167
-27.920288
27.802505
-27.601868
-27.514816
19.99945
19.306534
-19.306534
-27.227158
19.306519
18.613419
-18.901077
-19.306564
19.99945
-27.227158
19.999542
27.514786
-27.697067
-27.920166
-28.05368
-28.05371
-28.207825
28.20787
-28.207901
28.207916
-28.207947
28.207932
-28.207932
-28.207962
28.207947
-28.207932
28.207947
28.207977
-28.207993
28.208008
28.208054
-28.613464
-28.61348
-29.306625
28.901138
28.61348
-28.390366
-28.613434
28.208038
-28.208008
-28.207962
28.207962
-28.207947
-28.207932
-28.207962
28.207947
28.207932
-28.207932
-28.207962
-28.207947
-28.207932
-28.207947
-28.207932
-28.207932
-28.207932
-28.207962
-28.207947
28.207932
-28.207947
28.207916
-28.207886
28.207855
28.20781
28.05371
-27.920227
27.802475
27.697159
27.514893
19.999542
19.999588
19.99968
-19.999634
-19.999496
9.999405
-17.601974
9.999817
9.999817
-9.3063965
-17.697296
18.053879
-17.697327
9.306427
17.697327
18.390259
18.900864
-18.900925
18.901031
-26.565796
27.003906
-27.291504
27.514603
-27.80223
-28.20752
28.207687
-28.207794
28.20787
28.207916
-28.207932
28.207932
-28.207947
28.207932
-28.207932
28.207962
28.207947
-28.207947
28.207932
28.207962
-28.208008
-28.208023
28.208038
28.208038
28.61345
-28.613464
-29.306625
-28.901138
28.61348
-28.390366
28.613434
28.208069
-28.208023
-28.207993
28.207993
28.207947
28.207932
-28.207932
28.207962
28.207947
-28.207947
-28.207932
28.207947
28.207932
-28.207962
28.207947
28.207932
28.207932
28.207947
-28.207932
28.207947
28.207932
28.207962
-28.207947
28.207947
-28.207947
28.207932
28.207962
28.207947
28.207947
-28.207977
-28.207993
28.208008
-28.208054
-28.61345
28.61348
29.306625
28.901138
28.61348
28.390366
-28.613434
-28.208038
-28.208008
-28.207962
-28.207993
-28.207947
-28.207932
-28.207947
-28.207932
-28.207932
28.207901
-28.207886
28.207855
-28.207794
28.053696
27.920197
27.802414
27.697083
27.434769
19.99945
19.99936
19.999405
19.99936
-19.306442
-18.207932
-19.306442
19.99936
-19.999405
-19.99936
-19.99945
-27.4348
27.697128
27.802444
27.920258
-28.390152
28.613281
29.306625
28.901138
28.61348
28.390366
-28.613434
-28.208038
28.208008
-28.207977
28.207947
-28.207962
-28.207932
-28.207932
28.207932
-28.207947
28.207932
-28.207932
-28.207962
28.207947
-28.207932
28.207932
-28.207932
28.207932
-28.207947
28.207932
28.207932
-28.207947
28.207932
-28.207932
-28.207962
28.207947
-28.207932
28.207932
-28.207932
-28.207947
28.208008
-28.208023
-28.208038
28.208054
-28.61345
28.613464
-29.306625
-28.901138
-28.61348
28.39035
28.613434
28.208038
-28.208008
-28.207993
-28.207962
28.207932
-28.207962
-28.207947
-28.207932
-28.207947
28.207932
28.207932
28.207947
-28.207932
-28.207947
28.207932
-28.207901
-28.207886
-28.20784
28.207779
-28.05368
-27.80243
-27.601807
27.601791
27.514801
-19.99945
19.306534
-19.306534
27.227173
19.306503
18.61348
18.901138
-19.30655
19.99945
27.514893
-19.999634
Compiler2StreamCompiler (8 cores 1 mult) / Receiver / src/receiver/channel_out.out: 2420 ms compile, 436 ms run; 320 items output, 1.362500 ms/output
